5.599964 0.021510
5.595300 0.021510
5.590639 0.021509
5.585982 0.021509
5.581329 0.021508
5.576680 0.021507
5.572034 0.021506
5.567393 0.021505
5.562755 0.021503
5.558122 0.021501
5.553492 0.021499
5.548866 0.021497
5.544244 0.021495
5.539625 0.021492
5.535011 0.021489
5.530400 0.021487
5.525794 0.021484
5.521191 0.021481
5.516592 0.021479
5.511996 0.021477
5.507405 0.021474
5.502817 0.021473
5.498234 0.021471
5.493654 0.021470
5.489078 0.021469
5.484505 0.021469
5.479937 0.021469
5.475372 0.021469
5.470811 0.021470
5.466254 0.021471
5.461701 0.021472
5.457151 0.021474
5.452605 0.021475
5.448063 0.021477
5.443525 0.021478
5.438991 0.021479
5.434460 0.021480
5.429933 0.021481
5.425410 0.021482
5.420891 0.021482
5.416376 0.021482
5.411864 0.021482
5.407356 0.021481
5.402852 0.021480
5.398351 0.021478
5.393854 0.021476
5.389361 0.021474
5.384872 0.021472
5.380386 0.021469
5.375905 0.021467
5.371427 0.021464
5.366952 0.021461
5.362482 0.021458
5.358015 0.021456
5.353552 0.021453
5.349092 0.021451
5.344637 0.021449
5.340185 0.021447
5.335736 0.021445
5.331292 0.021444
5.326851 0.021442
5.322414 0.021442
5.317980 0.021441
5.313550 0.021440
5.309124 0.021440
5.304702 0.021440
5.300283 0.021440
5.295868 0.021441
5.291457 0.021441
5.287049 0.021441
5.282645 0.021442
5.278244 0.021443
5.273848 0.021443
5.269455 0.021444
5.265065 0.021444
5.260680 0.021445
5.256297 0.021445
5.251919 0.021446
5.247544 0.021447
5.243173 0.021447
5.238806 0.021448
5.234442 0.021449
5.230082 0.021450
5.225725 0.021451
5.221372 0.021452
5.217023 0.021453
5.212677 0.021454
5.208335 0.021456
5.203996 0.021457
5.199662 0.021459
5.195330 0.021461
5.191003 0.021463
5.186679 0.021465
5.182358 0.021467
5.178041 0.021469
5.173728 0.021471
5.169419 0.021473
5.165112 0.021474
5.160810 0.021476
5.156511 0.021478
5.152216 0.021480
5.147924 0.021481
5.143636 0.021483
5.139351 0.021484
5.135070 0.021485
5.130793 0.021485
5.126519 0.021486
5.122249 0.021487
5.117982 0.021487
5.113719 0.021487
5.109459 0.021487
5.105203 0.021488
5.100950 0.021488
5.096701 0.021488
5.092456 0.021488
5.088214 0.021489
5.083976 0.021489
5.079741 0.021490
5.075509 0.021491
5.071281 0.021491
5.067057 0.021493
5.062836 0.021494
5.058619 0.021495
5.054405 0.021497
5.050195 0.021498
5.045988 0.021500
5.041785 0.021502
5.037585 0.021503
5.033389 0.021505
5.029196 0.021507
5.025007 0.021509
5.020821 0.021511
5.016639 0.021513
5.012460 0.021516
5.008285 0.021518
5.004113 0.021520
4.999945 0.021522
4.995780 0.021525
4.991619 0.021527
4.987461 0.021529
4.983306 0.021532
4.979155 0.021534
4.975007 0.021537
4.970863 0.021539
4.966723 0.021542
4.962586 0.021544
4.958452 0.021546
4.954321 0.021548
4.950195 0.021551
4.946071 0.021553
4.941951 0.021555
4.937835 0.021556
4.933721 0.021558
4.929612 0.021560
4.925505 0.021561
4.921402 0.021563
4.917303 0.021564
4.913207 0.021566
4.909114 0.021567
4.905025 0.021569
4.900939 0.021570
4.896857 0.021572
4.892778 0.021573
4.888702 0.021575
4.884630 0.021576
4.880561 0.021578
4.876496 0.021579
4.872434 0.021581
4.868375 0.021583
4.864320 0.021584
4.860268 0.021586
4.856219 0.021588
4.852174 0.021590
4.848132 0.021592
4.844094 0.021594
4.840059 0.021596
4.836027 0.021598
4.831999 0.021600
4.827974 0.021602
4.823952 0.021604
4.819934 0.021606
4.815919 0.021608
4.811907 0.021611
4.807899 0.021613
4.803894 0.021615
4.799893 0.021617
4.795894 0.021618
4.791899 0.021620
4.787908 0.021622
4.783920 0.021623
4.779935 0.021624
4.775953 0.021625
4.771975 0.021626
4.768000 0.021626
4.764028 0.021627
4.760060 0.021627
4.756095 0.021627
4.752133 0.021627
4.748174 0.021626
4.744219 0.021626
4.740267 0.021625
4.736319 0.021624
4.732374 0.021624
4.728432 0.021623
4.724493 0.021622
4.720557 0.021621
4.716625 0.021620
4.712696 0.021620
4.708771 0.021619
4.704848 0.021619
4.700929 0.021619
4.697013 0.021620
4.693101 0.021620
4.689192 0.021622
4.685286 0.021623
4.681383 0.021625
4.677483 0.021628
4.673587 0.021631
4.669694 0.021635
4.665804 0.021639
4.661918 0.021644
4.658034 0.021649
4.654154 0.021655
4.650277 0.021662
4.646404 0.021669
4.642533 0.021676
4.638666 0.021685
4.634802 0.021693
4.630942 0.021702
4.627084 0.021712
4.623230 0.021723
4.619379 0.021733
4.615531 0.021745
4.611686 0.021757
4.607845 0.021770
4.604006 0.021783
4.600171 0.021797
4.596339 0.021811
4.592511 0.021826
4.588685 0.021841
4.584863 0.021858
4.581044 0.021874
4.577228 0.021891
4.573415 0.021909
4.569605 0.021927
4.565799 0.021946
4.561996 0.021965
4.558196 0.021984
4.554399 0.022004
4.550605 0.022024
4.546814 0.022045
4.543027 0.022065
4.539243 0.022086
4.535462 0.022106
4.531684 0.022127
4.527909 0.022148
4.524137 0.022169
4.520369 0.022190
4.516603 0.022211
4.512841 0.022231
4.509082 0.022252
4.505326 0.022272
4.501573 0.022292
4.497823 0.022312
4.494077 0.022332
4.490333 0.022351
4.486593 0.022371
4.482855 0.022390
4.479121 0.022409
4.475390 0.022427
4.471662 0.022446
4.467937 0.022464
4.464216 0.022482
4.460497 0.022499
4.456782 0.022516
4.453069 0.022533
4.449360 0.022550
4.445653 0.022566
4.441950 0.022581
4.438250 0.022596
4.434553 0.022611
4.430859 0.022625
4.427168 0.022638
4.423481 0.022651
4.419796 0.022663
4.416114 0.022674
4.412436 0.022685
4.408760 0.022695
4.405088 0.022704
4.401419 0.022712
4.397752 0.022720
4.394089 0.022726
4.390429 0.022732
4.386772 0.022738
4.383117 0.022742
4.379466 0.022746
4.375818 0.022749
4.372173 0.022751
4.368531 0.022753
4.364892 0.022754
4.361257 0.022754
4.357624 0.022754
4.353994 0.022752
4.350367 0.022751
4.346743 0.022748
4.343122 0.022744
4.339505 0.022740
4.335890 0.022735
4.332278 0.022729
4.328669 0.022722
4.325064 0.022714
4.321461 0.022705
4.317861 0.022694
4.314265 0.022683
4.310671 0.022670
4.307080 0.022655
4.303492 0.022639
4.299908 0.022622
4.296326 0.022603
4.292747 0.022583
4.289171 0.022561
4.285598 0.022537
4.282029 0.022512
4.278462 0.022485
4.274898 0.022456
4.271337 0.022425
4.267779 0.022393
4.264224 0.022360
4.260672 0.022325
4.257123 0.022288
4.253577 0.022250
4.250034 0.022211
4.246493 0.022171
4.242956 0.022129
4.239422 0.022087
4.235890 0.022044
4.232362 0.022000
4.228836 0.021956
4.225314 0.021911
4.221794 0.021866
4.218278 0.021821
4.214764 0.021777
4.211253 0.021733
4.207745 0.021689
4.204240 0.021647
4.200738 0.021605
4.197239 0.021564
4.193743 0.021525
4.190249 0.021487
4.186759 0.021451
4.183271 0.021416
4.179787 0.021384
4.176305 0.021353
4.172826 0.021324
4.169350 0.021298
4.165877 0.021273
4.162407 0.021251
4.158940 0.021231
4.155476 0.021213
4.152014 0.021197
4.148556 0.021183
4.145100 0.021171
4.141647 0.021162
4.138197 0.021154
4.134750 0.021148
4.131306 0.021144
4.127865 0.021142
4.124426 0.021141
4.120990 0.021141
4.117558 0.021143
4.114128 0.021146
4.110701 0.021150
4.107277 0.021155
4.103855 0.021161
4.100437 0.021167
4.097021 0.021174
4.093609 0.021182
4.090199 0.021190
4.086792 0.021198
4.083387 0.021206
4.079986 0.021214
4.076587 0.021222
4.073192 0.021230
4.069799 0.021238
4.066409 0.021245
4.063021 0.021252
4.059637 0.021258
4.056255 0.021265
4.052877 0.021270
4.049501 0.021276
4.046127 0.021281
4.042757 0.021285
4.039389 0.021289
4.036025 0.021293
4.032663 0.021296
4.029304 0.021299
4.025947 0.021302
4.022594 0.021304
4.019243 0.021305
4.015895 0.021307
4.012550 0.021307
4.009207 0.021307
4.005868 0.021307
4.002531 0.021306
3.999197 0.021304
3.995866 0.021301
3.992537 0.021298
3.989211 0.021294
3.985888 0.021288
3.982568 0.021282
3.979251 0.021275
3.975936 0.021267
3.972624 0.021258
3.969315 0.021248
3.966009 0.021237
3.962705 0.021226
3.959404 0.021214
3.956106 0.021201
3.952811 0.021188
3.949518 0.021174
3.946228 0.021161
3.942941 0.021147
3.939657 0.021134
3.936375 0.021121
3.933096 0.021108
3.929820 0.021096
3.926546 0.021084
3.923275 0.021073
3.920007 0.021062
3.916742 0.021053
3.913480 0.021044
3.910220 0.021036
3.906962 0.021028
3.903708 0.021022
3.900456 0.021016
3.897207 0.021010
3.893961 0.021006
3.890717 0.021002
3.887476 0.020998
3.884238 0.020995
3.881003 0.020992
3.877770 0.020990
3.874540 0.020988
3.871312 0.020986
3.868088 0.020985
3.864865 0.020983
3.861646 0.020983
3.858429 0.020982
3.855215 0.020981
3.852004 0.020981
3.848795 0.020980
3.845589 0.020980
3.842386 0.020980
3.839185 0.020979
3.835987 0.020979
3.832792 0.020979
3.829599 0.020979
3.826409 0.020979
3.823222 0.020979
3.820037 0.020979
3.816855 0.020979
3.813676 0.020980
3.810499 0.020980
3.807325 0.020980
3.804154 0.020980
3.800985 0.020980
3.797819 0.020980
3.794655 0.020980
3.791494 0.020981
3.788336 0.020981
3.785180 0.020981
3.782027 0.020982
3.778877 0.020982
3.775729 0.020982
3.772584 0.020983
3.769442 0.020984
3.766302 0.020984
3.763164 0.020985
3.760030 0.020985
3.756898 0.020986
3.753768 0.020987
3.750641 0.020987
3.747517 0.020988
3.744396 0.020989
3.741277 0.020990
3.738160 0.020990
3.735046 0.020991
3.731935 0.020992
3.728826 0.020993
3.725720 0.020994
3.722617 0.020994
3.719516 0.020995
3.716418 0.020996
3.713322 0.020997
3.710229 0.020998
3.707138 0.020999
3.704050 0.021000
3.700965 0.021001
3.697882 0.021003
3.694802 0.021004
3.691724 0.021005
3.688649 0.021007
3.685576 0.021008
3.682506 0.021010
3.679439 0.021011
3.676374 0.021013
3.673311 0.021015
3.670252 0.021017
3.667194 0.021019
3.664140 0.021021
3.661087 0.021023
3.658038 0.021025
3.654991 0.021027
3.651946 0.021029
3.648904 0.021032
3.645865 0.021034
3.642828 0.021036
3.639793 0.021039
3.636761 0.021041
3.633732 0.021044
3.630705 0.021046
3.627681 0.021049
3.624659 0.021051
3.621640 0.021054
3.618623 0.021057
3.615609 0.021059
3.612597 0.021062
3.609588 0.021065
3.606581 0.021068
3.603577 0.021071
3.600575 0.021073
3.597576 0.021076
3.594579 0.021080
3.591585 0.021083
3.588593 0.021086
3.585604 0.021089
3.582617 0.021092
3.579633 0.021096
3.576651 0.021099
3.573672 0.021103
3.570695 0.021106
3.567720 0.021109
3.564749 0.021113
3.561779 0.021117
3.558812 0.021120
3.555848 0.021124
3.552886 0.021127
3.549926 0.021131
3.546969 0.021134
3.544015 0.021138
3.541063 0.021141
3.538113 0.021145
3.535166 0.021148
3.532221 0.021152
3.529279 0.021155
3.526339 0.021159
3.523402 0.021162
3.520467 0.021166
3.517534 0.021169
3.514604 0.021173
3.511676 0.021176
3.508751 0.021180
3.505829 0.021183
3.502908 0.021187
3.499990 0.021190
3.497075 0.021194
3.494162 0.021198
3.491251 0.021201
3.488343 0.021205
3.485437 0.021208
3.482534 0.021212
3.479633 0.021215
3.476735 0.021219
3.473839 0.021222
3.470945 0.021225
3.468054 0.021229
3.465165 0.021232
3.462278 0.021235
3.459394 0.021238
3.456513 0.021241
3.453634 0.021244
3.450757 0.021247
3.447882 0.021250
3.445010 0.021253
3.442141 0.021255
3.439273 0.021258
3.436408 0.021260
3.433546 0.021262
3.430686 0.021264
3.427828 0.021266
3.424973 0.021268
3.422120 0.021270
3.419269 0.021271
3.416421 0.021272
3.413575 0.021274
3.410732 0.021275
3.407891 0.021276
3.405052 0.021278
3.402216 0.021279
3.399382 0.021281
3.396550 0.021283
3.393721 0.021285
3.390894 0.021287
3.388069 0.021290
3.385247 0.021293
3.382427 0.021296
3.379610 0.021300
3.376794 0.021304
3.373982 0.021309
3.371171 0.021314
3.368363 0.021319
3.365557 0.021325
3.362754 0.021330
3.359953 0.021336
3.357154 0.021342
3.354357 0.021347
3.351563 0.021353
3.348771 0.021357
3.345982 0.021362
3.343195 0.021366
3.340410 0.021369
3.337627 0.021371
3.334847 0.021373
3.332069 0.021374
3.329294 0.021373
3.326521 0.021372
3.323750 0.021370
3.320981 0.021368
3.318215 0.021364
3.315451 0.021360
3.312689 0.021355
3.309929 0.021350
3.307172 0.021344
3.304417 0.021338
3.301665 0.021332
3.298915 0.021326
3.296167 0.021321
3.293421 0.021315
3.290678 0.021310
3.287937 0.021306
3.285198 0.021302
3.282461 0.021299
3.279727 0.021296
3.276995 0.021294
3.274265 0.021293
3.271538 0.021293
3.268813 0.021293
3.266090 0.021294
3.263369 0.021296
3.260651 0.021298
3.257935 0.021301
3.255221 0.021304
3.252510 0.021308
3.249800 0.021313
3.247093 0.021318
3.244388 0.021323
3.241686 0.021328
3.238986 0.021333
3.236288 0.021339
3.233592 0.021344
3.230898 0.021349
3.228207 0.021354
3.225518 0.021359
3.222831 0.021364
3.220147 0.021368
3.217464 0.021372
3.214784 0.021375
3.212106 0.021378
3.209431 0.021381
3.206757 0.021383
3.204086 0.021384
3.201417 0.021385
3.198750 0.021386
3.196086 0.021386
3.193424 0.021387
3.190763 0.021386
3.188106 0.021386
3.185450 0.021385
3.182796 0.021385
3.180145 0.021384
3.177496 0.021383
3.174849 0.021382
3.172205 0.021382
3.169562 0.021381
3.166922 0.021380
3.164284 0.021380
3.161648 0.021379
3.159015 0.021379
3.156383 0.021379
3.153754 0.021379
3.151127 0.021379
3.148502 0.021380
3.145880 0.021380
3.143259 0.021381
3.140641 0.021381
3.138025 0.021382
3.135411 0.021383
3.132799 0.021384
3.130189 0.021386
3.127582 0.021387
3.124977 0.021389
3.122374 0.021390
3.119773 0.021392
3.117174 0.021394
3.114578 0.021396
3.111983 0.021399
3.109391 0.021401
3.106801 0.021404
3.104213 0.021406
3.101627 0.021409
3.099044 0.021412
3.096462 0.021415
3.093883 0.021418
3.091306 0.021421
3.088731 0.021424
3.086158 0.021427
3.083587 0.021430
3.081018 0.021433
3.078452 0.021436
3.075888 0.021439
3.073326 0.021443
3.070765 0.021446
3.068208 0.021449
3.065652 0.021453
3.063098 0.021456
3.060547 0.021460
3.057997 0.021463
3.055450 0.021467
3.052905 0.021470
3.050362 0.021474
3.047821 0.021477
3.045282 0.021481
3.042745 0.021484
3.040211 0.021488
3.037678 0.021491
3.035148 0.021495
3.032620 0.021498
3.030094 0.021502
3.027570 0.021506
3.025048 0.021509
3.022528 0.021513
3.020010 0.021517
3.017495 0.021521
3.014981 0.021525
3.012470 0.021529
3.009960 0.021533
3.007453 0.021537
3.004948 0.021541
3.002445 0.021546
2.999944 0.021550
2.997445 0.021555
2.994948 0.021559
2.992453 0.021564
2.989961 0.021569
2.987470 0.021574
2.984981 0.021578
2.982495 0.021583
2.980011 0.021588
2.977528 0.021593
2.975048 0.021598
2.972570 0.021603
2.970094 0.021607
2.967620 0.021612
2.965148 0.021617
2.962678 0.021621
2.960210 0.021626
2.957744 0.021630
2.955280 0.021634
2.952819 0.021639
2.950359 0.021643
2.947901 0.021648
2.945446 0.021653
2.942992 0.021658
2.940541 0.021663
2.938091 0.021668
2.935644 0.021674
2.933199 0.021680
2.930755 0.021686
2.928314 0.021692
2.925875 0.021699
2.923438 0.021706
2.921002 0.021713
2.918569 0.021721
2.916138 0.021728
2.913709 0.021736
2.911282 0.021743
2.908857 0.021751
2.906434 0.021759
2.904013 0.021766
2.901594 0.021774
2.899177 0.021781
2.896762 0.021789
2.894349 0.021796
2.891938 0.021803
2.889529 0.021810
2.887122 0.021817
2.884717 0.021824
2.882314 0.021831
2.879913 0.021838
2.877514 0.021845
2.875117 0.021852
2.872723 0.021859
2.870330 0.021866
2.867939 0.021873
2.865550 0.021880
2.863163 0.021887
2.860778 0.021895
2.858395 0.021902
2.856014 0.021909
2.853635 0.021915
2.851258 0.021922
2.848883 0.021928
2.846510 0.021934
2.844138 0.021940
2.841769 0.021945
2.839402 0.021950
2.837037 0.021955
2.834674 0.021959
2.832313 0.021963
2.829953 0.021966
2.827596 0.021969
2.825241 0.021972
2.822887 0.021974
2.820536 0.021976
2.818186 0.021977
2.815839 0.021978
2.813493 0.021978
2.811150 0.021978
2.808808 0.021978
2.806468 0.021978
2.804131 0.021977
2.801795 0.021976
2.799461 0.021974
2.797129 0.021972
2.794799 0.021970
2.792471 0.021968
2.790145 0.021966
2.787821 0.021964
2.785499 0.021962
2.783178 0.021960
2.780860 0.021958
2.778544 0.021956
2.776229 0.021954
2.773916 0.021953
2.771606 0.021952
2.769297 0.021951
2.766990 0.021951
2.764685 0.021952
2.762383 0.021953
2.760082 0.021955
2.757782 0.021957
2.755485 0.021960
2.753190 0.021963
2.750897 0.021967
2.748605 0.021972
2.746316 0.021977
2.744028 0.021982
2.741742 0.021988
2.739458 0.021994
2.737176 0.022001
2.734896 0.022007
2.732618 0.022014
2.730342 0.022021
2.728068 0.022027
2.725795 0.022034
2.723525 0.022040
2.721256 0.022046
2.718989 0.022051
2.716724 0.022056
2.714461 0.022060
2.712200 0.022064
2.709941 0.022067
2.707684 0.022069
2.705428 0.022071
2.703175 0.022071
2.700923 0.022070
2.698673 0.022069
2.696425 0.022066
2.694179 0.022062
2.691935 0.022056
2.689693 0.022049
2.687452 0.022041
2.685213 0.022032
2.682977 0.022021
2.680742 0.022009
2.678509 0.021995
2.676278 0.021980
2.674048 0.021965
2.671821 0.021948
2.669595 0.021930
2.667372 0.021911
2.665150 0.021892
2.662930 0.021873
2.660711 0.021853
2.658495 0.021833
2.656281 0.021813
2.654068 0.021794
2.651857 0.021775
2.649648 0.021757
2.647441 0.021740
2.645236 0.021724
2.643032 0.021709
2.640831 0.021695
2.638631 0.021682
2.636433 0.021670
2.634237 0.021660
2.632043 0.021650
2.629850 0.021642
2.627660 0.021635
2.625471 0.021629
2.623284 0.021623
2.621099 0.021619
2.618915 0.021615
2.616734 0.021612
2.614554 0.021610
2.612376 0.021608
2.610200 0.021607
2.608026 0.021606
2.605853 0.021605
2.603683 0.021605
2.601514 0.021606
2.599347 0.021606
2.597182 0.021607
2.595018 0.021608
2.592857 0.021609
2.590697 0.021610
2.588539 0.021612
2.586383 0.021613
2.584228 0.021615
2.582076 0.021616
2.579925 0.021617
2.577776 0.021618
2.575628 0.021619
2.573483 0.021620
2.571339 0.021621
2.569197 0.021621
2.567057 0.021621
2.564919 0.021621
2.562782 0.021620
2.560648 0.021620
2.558515 0.021618
2.556383 0.021617
2.554254 0.021615
2.552126 0.021613
2.550000 0.021611
2.547876 0.021609
2.545754 0.021606
2.543633 0.021603
2.541515 0.021599
2.539398 0.021596
2.537282 0.021592
2.535169 0.021588
2.533057 0.021584
2.530947 0.021579
2.528839 0.021574
2.526732 0.021570
2.524628 0.021564
2.522525 0.021559
2.520423 0.021554
2.518324 0.021548
2.516226 0.021543
2.514130 0.021537
2.512036 0.021531
2.509943 0.021525
2.507853 0.021519
2.505764 0.021513
2.503676 0.021507
2.501591 0.021501
2.499507 0.021495
2.497425 0.021489
2.495345 0.021483
2.493266 0.021477
2.491189 0.021471
2.489114 0.021465
2.487041 0.021459
2.484969 0.021454
2.482899 0.021448
2.480831 0.021443
2.478764 0.021437
2.476700 0.021431
2.474637 0.021426
2.472575 0.021420
2.470516 0.021415
2.468458 0.021409
2.466402 0.021403
2.464347 0.021398
2.462294 0.021392
2.460243 0.021386
2.458194 0.021381
2.456146 0.021375
2.454100 0.021369
2.452056 0.021363
2.450014 0.021357
2.447973 0.021352
2.445934 0.021346
2.443896 0.021341
2.441860 0.021336
2.439826 0.021331
2.437794 0.021326
2.435763 0.021321
2.433734 0.021316
2.431707 0.021312
2.429682 0.021308
2.427658 0.021304
2.425635 0.021301
2.423615 0.021297
2.421596 0.021294
2.419579 0.021291
2.417563 0.021288
2.415550 0.021286
2.413538 0.021283
2.411527 0.021281
2.409518 0.021279
2.407511 0.021277
2.405506 0.021275
2.403502 0.021273
2.401500 0.021271
2.399500 0.021269
2.397501 0.021267
2.395504 0.021265
2.393508 0.021263
2.391515 0.021262
2.389522 0.021260
2.387532 0.021258
2.385543 0.021257
2.383556 0.021255
2.381571 0.021253
2.379587 0.021251
2.377605 0.021250
2.375624 0.021248
2.373645 0.021246
2.371668 0.021244
2.369693 0.021242
2.367719 0.021240
2.365746 0.021238
2.363776 0.021236
2.361807 0.021233
2.359839 0.021231
2.357874 0.021229
2.355910 0.021226
2.353947 0.021224
2.351986 0.021221
2.350027 0.021218
2.348070 0.021215
2.346114 0.021212
2.344159 0.021209
2.342207 0.021206
2.340256 0.021203
2.338306 0.021200
2.336359 0.021196
2.334412 0.021193
2.332468 0.021189
2.330525 0.021186
2.328584 0.021182
2.326644 0.021178
2.324706 0.021174
2.322769 0.021170
2.320835 0.021167
2.318901 0.021163
2.316970 0.021159
2.315040 0.021155
2.313111 0.021150
2.311185 0.021146
2.309259 0.021142
2.307336 0.021137
2.305414 0.021133
2.303493 0.021128
2.301575 0.021124
2.299658 0.021119
2.297742 0.021114
2.295828 0.021109
2.293916 0.021104
2.292005 0.021099
2.290096 0.021093
2.288188 0.021088
2.286282 0.021083
2.284377 0.021078
2.282475 0.021073
2.280573 0.021068
2.278674 0.021063
2.276776 0.021059
2.274879 0.021055
2.272984 0.021050
2.271091 0.021047
2.269199 0.021043
2.267309 0.021039
2.265420 0.021036
2.263533 0.021033
2.261648 0.021030
2.259764 0.021028
2.257881 0.021026
2.256000 0.021024
2.254121 0.021022
2.252244 0.021020
2.250368 0.021018
2.248493 0.021017
2.246620 0.021016
2.244749 0.021014
2.242879 0.021013
2.241010 0.021012
2.239144 0.021011
2.237279 0.021010
2.235415 0.021009
2.233553 0.021008
2.231692 0.021007
2.229833 0.021007
2.227976 0.021006
2.226120 0.021005
2.224266 0.021004
2.222413 0.021003
2.220562 0.021002
2.218712 0.021001
2.216864 0.021000
2.215017 0.020999
2.213172 0.020998
2.211329 0.020996
2.209487 0.020995
2.207646 0.020994
2.205807 0.020993
2.203970 0.020992
2.202134 0.020990
2.200300 0.020989
2.198467 0.020988
2.196636 0.020986
2.194806 0.020985
2.192978 0.020984
2.191151 0.020983
2.189326 0.020982
2.187502 0.020981
2.185680 0.020980
2.183859 0.020979
2.182040 0.020979
2.180222 0.020978
2.178406 0.020977
2.176592 0.020977
2.174779 0.020977
2.172967 0.020976
2.171157 0.020976
2.169348 0.020976
2.167541 0.020976
2.165736 0.020976
2.163932 0.020976
2.162129 0.020976
2.160328 0.020977
2.158529 0.020977
2.156731 0.020977
2.154934 0.020978
2.153139 0.020978
2.151346 0.020979
2.149554 0.020979
2.147763 0.020980
2.145974 0.020981
2.144186 0.020982
2.142400 0.020982
2.140616 0.020983
2.138833 0.020984
2.137051 0.020985
2.135271 0.020986
2.133492 0.020988
2.131715 0.020989
2.129939 0.020990
2.128165 0.020992
2.126392 0.020993
2.124621 0.020995
2.122851 0.020997
2.121083 0.020998
2.119316 0.021000
2.117551 0.021002
2.115787 0.021004
2.114025 0.021007
2.112264 0.021009
2.110504 0.021011
2.108746 0.021013
2.106990 0.021016
2.105235 0.021018
2.103481 0.021021
2.101729 0.021024
2.099978 0.021027
2.098229 0.021030
2.096481 0.021033
2.094735 0.021036
2.092990 0.021039
2.091246 0.021042
2.089504 0.021045
2.087764 0.021049
2.086025 0.021052
2.084287 0.021056
2.082551 0.021060
2.080816 0.021064
2.079083 0.021068
2.077351 0.021072
2.075621 0.021077
2.073892 0.021081
2.072164 0.021086
2.070438 0.021090
2.068713 0.021095
2.066990 0.021100
2.065268 0.021106
2.063548 0.021111
2.061829 0.021117
2.060112 0.021123
2.058396 0.021129
2.056681 0.021135
2.054968 0.021141
2.053256 0.021147
2.051546 0.021154
2.049837 0.021161
2.048129 0.021168
2.046423 0.021174
2.044719 0.021181
2.043015 0.021188
2.041314 0.021195
2.039613 0.021202
2.037914 0.021209
2.036217 0.021216
2.034521 0.021222
2.032826 0.021229
2.031133 0.021235
2.029441 0.021242
2.027750 0.021248
2.026061 0.021253
2.024373 0.021259
2.022687 0.021264
2.021002 0.021270
2.019319 0.021274
2.017637 0.021279
2.015956 0.021284
2.014277 0.021288
2.012599 0.021292
2.010922 0.021297
2.009247 0.021301
2.007574 0.021305
2.005901 0.021309
2.004231 0.021312
2.002561 0.021316
2.000893 0.021320
1.999226 0.021324
1.997561 0.021328
1.995897 0.021332
1.994234 0.021337
1.992573 0.021341
1.990913 0.021345
1.989255 0.021349
1.987598 0.021354
1.985942 0.021358
1.984288 0.021363
1.982635 0.021367
1.980984 0.021372
1.979334 0.021376
1.977685 0.021380
1.976037 0.021385
1.974391 0.021389
1.972747 0.021393
1.971104 0.021397
1.969462 0.021401
1.967821 0.021404
1.966182 0.021407
1.964544 0.021410
1.962908 0.021413
1.961273 0.021415
1.959639 0.021417
1.958007 0.021419
1.956376 0.021420
1.954746 0.021420
1.953118 0.021421
1.951491 0.021420
1.949865 0.021420
1.948241 0.021419
1.946618 0.021417
1.944997 0.021415
1.943376 0.021413
1.941758 0.021410
1.940140 0.021407
1.938524 0.021404
1.936909 0.021400
1.935296 0.021397
1.933684 0.021393
1.932073 0.021389
1.930464 0.021385
1.928856 0.021381
1.927249 0.021377
1.925644 0.021373
1.924039 0.021369
1.922437 0.021365
1.920835 0.021362
1.919235 0.021359
1.917637 0.021356
1.916039 0.021354
1.914443 0.021352
1.912849 0.021350
1.911255 0.021349
1.909663 0.021348
1.908072 0.021348
1.906483 0.021348
1.904895 0.021349
1.903308 0.021350
1.901723 0.021352
1.900139 0.021354
1.898556 0.021356
1.896974 0.021360
1.895394 0.021363
1.893815 0.021367
1.892238 0.021371
1.890662 0.021376
1.889087 0.021381
1.887513 0.021387
1.885941 0.021392
1.884370 0.021398
1.882800 0.021404
1.881232 0.021409
1.879665 0.021415
1.878099 0.021421
1.876535 0.021426
1.874972 0.021432
1.873410 0.021437
1.871849 0.021442
1.870290 0.021446
1.868732 0.021450
1.867176 0.021453
1.865620 0.021456
1.864066 0.021458
1.862513 0.021460
1.860962 0.021461
1.859412 0.021461
1.857863 0.021461
1.856315 0.021461
1.854769 0.021459
1.853224 0.021457
1.851680 0.021455
1.850138 0.021452
1.848597 0.021449
1.847057 0.021445
1.845518 0.021441
1.843981 0.021436
1.842445 0.021431
1.840910 0.021426
1.839377 0.021421
1.837845 0.021416
1.836314 0.021410
1.834784 0.021405
1.833256 0.021400
1.831729 0.021394
1.830203 0.021389
1.828678 0.021384
1.827155 0.021379
1.825633 0.021374
1.824112 0.021370
1.822593 0.021365
1.821075 0.021361
1.819558 0.021356
1.818042 0.021352
1.816528 0.021348
1.815015 0.021344
1.813503 0.021340
1.811992 0.021336
1.810483 0.021332
1.808975 0.021328
1.807468 0.021324
1.805962 0.021320
1.804458 0.021316
1.802955 0.021312
1.801453 0.021308
1.799952 0.021303
1.798453 0.021299
1.796955 0.021294
1.795458 0.021290
1.793963 0.021285
1.792468 0.021280
1.790975 0.021275
1.789483 0.021270
1.787993 0.021265
1.786503 0.021260
1.785015 0.021255
1.783528 0.021250
1.782043 0.021244
1.780558 0.021239
1.779075 0.021233
1.777593 0.021227
1.776112 0.021221
1.774633 0.021216
1.773155 0.021210
1.771678 0.021204
1.770202 0.021198
1.768727 0.021192
1.767254 0.021186
1.765782 0.021180
1.764311 0.021174
1.762841 0.021169
1.761373 0.021163
1.759906 0.021157
1.758440 0.021152
1.756975 0.021146
1.755511 0.021141
1.754049 0.021135
1.752588 0.021130
1.751128 0.021125
1.749669 0.021119
1.748212 0.021114
1.746756 0.021109
1.745301 0.021104
1.743847 0.021099
1.742394 0.021094
1.740943 0.021089
1.739493 0.021084
1.738044 0.021079
1.736596 0.021074
1.735149 0.021069
1.733704 0.021064
1.732260 0.021060
1.730817 0.021055
1.729375 0.021050
1.727935 0.021046
1.726495 0.021041
1.725057 0.021037
1.723620 0.021032
1.722184 0.021028
1.720750 0.021024
1.719317 0.021020
1.717884 0.021016
1.716453 0.021012
1.715024 0.021009
1.713595 0.021005
1.712168 0.021002
1.710741 0.020999
1.709316 0.020996
1.707893 0.020993
1.706470 0.020990
1.705048 0.020988
1.703628 0.020985
1.702209 0.020983
1.700791 0.020981
1.699374 0.020979
1.697959 0.020977
1.696545 0.020976
1.695131 0.020974
1.693719 0.020973
1.692308 0.020971
1.690899 0.020970
1.689490 0.020969
1.688083 0.020968
1.686677 0.020967
1.685272 0.020966
1.683868 0.020966
1.682465 0.020965
1.681064 0.020964
1.679664 0.020964
1.678264 0.020963
1.676867 0.020963
1.675470 0.020962
1.674074 0.020962
1.672680 0.020961
1.671286 0.020961
1.669894 0.020961
1.668503 0.020960
1.667113 0.020960
1.665725 0.020959
1.664337 0.020959
1.662951 0.020959
1.661565 0.020958
1.660181 0.020958
1.658798 0.020957
1.657417 0.020957
1.656036 0.020957
1.654657 0.020956
1.653278 0.020956
1.651901 0.020956
1.650525 0.020955
1.649150 0.020955
1.647777 0.020955
1.646404 0.020955
1.645033 0.020955
1.643662 0.020955
1.642293 0.020955
1.640925 0.020955
1.639558 0.020955
1.638193 0.020955
1.636828 0.020956
1.635465 0.020956
1.634102 0.020956
1.632741 0.020956
1.631381 0.020957
1.630022 0.020957
1.628664 0.020958
1.627308 0.020958
1.625952 0.020958
1.624598 0.020959
1.623244 0.020959
1.621892 0.020960
1.620541 0.020961
1.619191 0.020961
1.617843 0.020962
1.616495 0.020963
1.615148 0.020963
1.613803 0.020964
1.612459 0.020965
1.611116 0.020966
1.609774 0.020967
1.608433 0.020968
1.607093 0.020969
1.605754 0.020971
1.604417 0.020972
1.603080 0.020973
1.601745 0.020975
1.600411 0.020976
1.599077 0.020978
1.597745 0.020980
1.596415 0.020981
1.595085 0.020983
1.593756 0.020985
1.592429 0.020987
1.591102 0.020989
1.589777 0.020991
1.588452 0.020993
1.587129 0.020995
1.585807 0.020997
1.584486 0.020999
1.583166 0.021001
1.581848 0.021003
1.580530 0.021006
1.579213 0.021008
1.577898 0.021010
1.576584 0.021013
1.575270 0.021015
1.573958 0.021018
1.572647 0.021021
1.571337 0.021023
1.570028 0.021026
1.568720 0.021029
1.567414 0.021031
1.566108 0.021034
1.564803 0.021037
1.563500 0.021039
1.562198 0.021042
1.560896 0.021044
1.559596 0.021047
1.558297 0.021049
1.556999 0.021052
1.555702 0.021055
1.554406 0.021057
1.553111 0.021060
1.551818 0.021063
1.550525 0.021066
1.549233 0.021069
1.547943 0.021072
1.546653 0.021075
1.545365 0.021079
1.544078 0.021082
1.542792 0.021086
1.541507 0.021090
1.540222 0.021095
1.538940 0.021099
1.537658 0.021104
1.536377 0.021109
1.535097 0.021114
1.533818 0.021119
1.532541 0.021124
1.531264 0.021129
1.529988 0.021134
1.528714 0.021139
1.527441 0.021145
1.526168 0.021150
1.524897 0.021155
1.523627 0.021160
1.522358 0.021165
1.521090 0.021171
1.519822 0.021176
1.518556 0.021181
1.517292 0.021185
1.516028 0.021190
1.514765 0.021195
1.513503 0.021200
1.512242 0.021205
1.510983 0.021210
1.509724 0.021214
1.508466 0.021219
1.507210 0.021224
1.505954 0.021229
1.504700 0.021233
1.503447 0.021238
1.502194 0.021243
1.500943 0.021248
1.499693 0.021253
1.498443 0.021258
1.497195 0.021263
1.495948 0.021268
1.494702 0.021273
1.493457 0.021278
1.492213 0.021284
1.490970 0.021289
1.489728 0.021294
1.488487 0.021299
1.487247 0.021305
1.486008 0.021310
1.484770 0.021315
1.483534 0.021320
1.482298 0.021325
1.481063 0.021330
1.479829 0.021335
1.478597 0.021339
1.477365 0.021344
1.476135 0.021348
1.474905 0.021353
1.473676 0.021357
1.472449 0.021361
1.471222 0.021365
1.469997 0.021370
1.468772 0.021374
1.467549 0.021379
1.466326 0.021383
1.465105 0.021388
1.463885 0.021393
1.462665 0.021398
1.461447 0.021403
1.460229 0.021409
1.459013 0.021415
1.457798 0.021421
1.456583 0.021428
1.455370 0.021434
1.454158 0.021441
1.452946 0.021448
1.451736 0.021456
1.450527 0.021463
1.449319 0.021470
1.448111 0.021478
1.446905 0.021485
1.445700 0.021492
1.444496 0.021500
1.443292 0.021507
1.442090 0.021514
1.440889 0.021520
1.439689 0.021527
1.438489 0.021533
1.437291 0.021539
1.436094 0.021544
1.434898 0.021549
1.433702 0.021554
1.432508 0.021558
1.431315 0.021562
1.430123 0.021565
1.428931 0.021568
1.427741 0.021571
1.426552 0.021573
1.425364 0.021574
1.424176 0.021576
1.422990 0.021576
1.421805 0.021576
1.420620 0.021576
1.419437 0.021576
1.418254 0.021575
1.417073 0.021574
1.415893 0.021572
1.414713 0.021571
1.413535 0.021569
1.412357 0.021566
1.411181 0.021564
1.410005 0.021562
1.408831 0.021559
1.407657 0.021556
1.406485 0.021554
1.405313 0.021551
1.404143 0.021548
1.402973 0.021545
1.401804 0.021543
1.400637 0.021540
1.399470 0.021538
1.398304 0.021535
1.397139 0.021533
1.395976 0.021531
1.394813 0.021529
1.393651 0.021528
1.392490 0.021527
1.391330 0.021526
1.390171 0.021525
1.389013 0.021525
1.387856 0.021524
1.386700 0.021525
1.385545 0.021525
1.384391 0.021526
1.383238 0.021526
1.382085 0.021527
1.380934 0.021529
1.379784 0.021530
1.378635 0.021531
1.377486 0.021533
1.376339 0.021534
1.375192 0.021535
1.374047 0.021536
1.372902 0.021537
1.371759 0.021537
1.370616 0.021538
1.369474 0.021538
1.368333 0.021537
1.367194 0.021536
1.366055 0.021535
1.364917 0.021533
1.363780 0.021530
1.362644 0.021527
1.361509 0.021523
1.360375 0.021518
1.359242 0.021513
1.358109 0.021507
1.356978 0.021501
1.355848 0.021494
1.354718 0.021486
1.353590 0.021477
1.352462 0.021468
1.351336 0.021458
1.350210 0.021447
1.349085 0.021436
1.347962 0.021424
1.346839 0.021411
1.345717 0.021398
1.344596 0.021385
1.343476 0.021371
1.342357 0.021356
1.341239 0.021341
1.340121 0.021326
1.339005 0.021311
1.337890 0.021295
1.336775 0.021279
1.335662 0.021263
1.334549 0.021247
1.333438 0.021231
1.332327 0.021215
1.331217 0.021199
1.330108 0.021184
1.329000 0.021169
1.327893 0.021155
1.326787 0.021141
1.325682 0.021128
1.324578 0.021115
1.323474 0.021104
1.322372 0.021093
1.321270 0.021082
1.320170 0.021073
1.319070 0.021064
1.317971 0.021056
1.316873 0.021049
1.315776 0.021042
1.314680 0.021036
1.313585 0.021030
1.312491 0.021025
1.311398 0.021021
1.310305 0.021017
1.309214 0.021013
1.308123 0.021010
1.307034 0.021007
1.305945 0.021004
1.304857 0.021002
1.303770 0.020999
1.302684 0.020997
1.301599 0.020995
1.300515 0.020993
1.299432 0.020991
1.298349 0.020990
1.297268 0.020988
1.296187 0.020986
1.295107 0.020985
1.294028 0.020983
1.292951 0.020982
1.291874 0.020980
1.290797 0.020978
1.289722 0.020977
1.288648 0.020975
1.287574 0.020973
1.286502 0.020972
1.285430 0.020970
1.284360 0.020968
1.283290 0.020966
1.282221 0.020965
1.281153 0.020963
1.280086 0.020961
1.279019 0.020959
1.277954 0.020958
1.276889 0.020956
1.275826 0.020954
1.274763 0.020953
1.273701 0.020951
1.272640 0.020950
1.271580 0.020948
1.270521 0.020947
1.269462 0.020946
1.268405 0.020945
1.267348 0.020943
1.266293 0.020942
1.265238 0.020941
1.264184 0.020940
1.263131 0.020939
1.262079 0.020939
1.261028 0.020938
1.259977 0.020937
1.258928 0.020937
1.257879 0.020936
1.256831 0.020936
1.255784 0.020936
1.254738 0.020935
1.253693 0.020935
1.252649 0.020935
1.251605 0.020935
1.250563 0.020936
1.249521 0.020936
1.248480 0.020936
1.247440 0.020937
1.246401 0.020937
1.245363 0.020938
1.244325 0.020939
1.243289 0.020940
1.242253 0.020940
1.241218 0.020941
1.240185 0.020942
1.239152 0.020943
1.238119 0.020944
1.237088 0.020946
1.236057 0.020947
1.235028 0.020948
1.233999 0.020949
1.232971 0.020950
1.231944 0.020952
1.230918 0.020953
1.229893 0.020954
1.228868 0.020956
1.227845 0.020957
1.226822 0.020958
1.225800 0.020959
1.224779 0.020961
1.223759 0.020962
1.222739 0.020963
1.221721 0.020965
1.220703 0.020966
1.219686 0.020967
1.218670 0.020969
1.217655 0.020970
1.216641 0.020971
1.215627 0.020973
1.214615 0.020974
1.213603 0.020976
1.212592 0.020977
1.211582 0.020979
1.210573 0.020980
1.209564 0.020982
1.208557 0.020984
1.207550 0.020986
1.206544 0.020988
1.205539 0.020990
1.204535 0.020992
1.203532 0.020994
1.202529 0.020997
1.201527 0.021000
1.200526 0.021002
1.199526 0.021005
1.198527 0.021008
1.197529 0.021012
1.196531 0.021015
1.195535 0.021018
1.194539 0.021022
1.193544 0.021026
1.192550 0.021030
1.191556 0.021034
1.190564 0.021038
1.189572 0.021042
1.188581 0.021047
1.187591 0.021051
1.186602 0.021055
1.185613 0.021060
1.184626 0.021064
1.183639 0.021069
1.182653 0.021073
1.181668 0.021078
1.180684 0.021082
1.179700 0.021086
1.178717 0.021090
1.177736 0.021094
1.176754 0.021098
1.175774 0.021101
1.174795 0.021104
1.173816 0.021107
1.172838 0.021110
1.171862 0.021112
1.170885 0.021115
1.169910 0.021117
1.168936 0.021118
1.167962 0.021120
1.166989 0.021121
1.166017 0.021122
1.165046 0.021123
1.164075 0.021124
1.163105 0.021124
1.162137 0.021125
1.161169 0.021125
1.160201 0.021125
1.159235 0.021125
1.158269 0.021126
1.157304 0.021126
1.156340 0.021126
1.155377 0.021126
1.154415 0.021127
1.153453 0.021127
1.152492 0.021128
1.151532 0.021129
1.150573 0.021130
1.149615 0.021131
1.148657 0.021133
1.147700 0.021134
1.146744 0.021136
1.145789 0.021138
1.144835 0.021139
1.143881 0.021141
1.142928 0.021143
1.141976 0.021145
1.141025 0.021147
1.140074 0.021149
1.139125 0.021150
1.138176 0.021151
1.137228 0.021152
1.136281 0.021153
1.135334 0.021154
1.134388 0.021155
1.133443 0.021155
1.132499 0.021155
1.131556 0.021154
1.130613 0.021154
1.129671 0.021153
1.128730 0.021152
1.127790 0.021152
1.126851 0.021150
1.125912 0.021149
1.124974 0.021148
1.124037 0.021147
1.123101 0.021145
1.122165 0.021143
1.121231 0.021142
1.120297 0.021140
1.119363 0.021138
1.118431 0.021136
1.117499 0.021134
1.116569 0.021131
1.115638 0.021128
1.114709 0.021125
1.113781 0.021122
1.112853 0.021118
1.111926 0.021115
1.111000 0.021111
1.110074 0.021106
1.109150 0.021102
1.108226 0.021097
1.107302 0.021092
1.106380 0.021086
1.105459 0.021081
1.104538 0.021075
1.103618 0.021069
1.102698 0.021063
1.101780 0.021057
1.100862 0.021051
1.099945 0.021045
1.099029 0.021039
1.098113 0.021032
1.097199 0.021026
1.096285 0.021020
1.095371 0.021014
1.094459 0.021008
1.093547 0.021002
1.092636 0.020996
1.091726 0.020990
1.090817 0.020985
1.089908 0.020980
1.089000 0.020975
1.088093 0.020970
1.087187 0.020965
1.086281 0.020961
1.085376 0.020957
1.084472 0.020953
1.083569 0.020950
1.082666 0.020947
1.081765 0.020944
1.080863 0.020941
1.079963 0.020938
1.079064 0.020936
1.078165 0.020934
1.077267 0.020932
1.076369 0.020931
1.075473 0.020929
1.074577 0.020928
1.073682 0.020927
1.072787 0.020926
1.071894 0.020925
1.071001 0.020924
1.070109 0.020924
1.069217 0.020923
1.068327 0.020923
1.067437 0.020922
1.066548 0.020922
1.065659 0.020921
1.064771 0.020921
1.063885 0.020921
1.062998 0.020920
1.062113 0.020920
1.061228 0.020920
1.060344 0.020919
1.059461 0.020919
1.058578 0.020919
1.057697 0.020919
1.056816 0.020919
1.055935 0.020918
1.055056 0.020918
1.054177 0.020918
1.053299 0.020918
1.052421 0.020917
1.051545 0.020917
1.050669 0.020917
1.049794 0.020917
1.048919 0.020917
1.048045 0.020917
1.047172 0.020917
1.046300 0.020916
1.045429 0.020916
1.044558 0.020916
1.043688 0.020916
1.042818 0.020916
1.041950 0.020916
1.041082 0.020916
1.040214 0.020917
1.039348 0.020917
1.038482 0.020917
1.037617 0.020917
1.036753 0.020917
1.035889 0.020917
1.035026 0.020918
1.034164 0.020918
1.033303 0.020918
1.032442 0.020918
1.031582 0.020919
1.030723 0.020919
1.029864 0.020920
1.029006 0.020920
1.028149 0.020921
1.027293 0.020921
1.026437 0.020922
1.025582 0.020922
1.024728 0.020923
1.023874 0.020923
1.023021 0.020924
1.022169 0.020925
1.021318 0.020926
1.020467 0.020926
1.019617 0.020927
1.018767 0.020928
1.017919 0.020929
1.017071 0.020930
1.016224 0.020931
1.015377 0.020932
1.014531 0.020934
1.013686 0.020935
1.012842 0.020936
1.011998 0.020938
1.011155 0.020939
1.010313 0.020941
1.009471 0.020942
1.008631 0.020944
1.007790 0.020946
1.006951 0.020948
1.006112 0.020950
1.005274 0.020952
1.004437 0.020954
1.003600 0.020956
1.002764 0.020958
1.001929 0.020961
1.001094 0.020963
1.000260 0.020965
0.999427 0.020968
0.998595 0.020970
0.997763 0.020973
0.996932 0.020975
0.996101 0.020978
0.995271 0.020980
0.994442 0.020983
0.993614 0.020985
0.992786 0.020988
0.991959 0.020991
0.991133 0.020993
0.990307 0.020996
0.989483 0.020999
0.988658 0.021002
0.987835 0.021004
0.987012 0.021007
0.986190 0.021010
0.985368 0.021013
0.984548 0.021015
0.983727 0.021018
0.982908 0.021021
0.982089 0.021024
0.981271 0.021027
0.980454 0.021030
0.979637 0.021033
0.978821 0.021036
0.978006 0.021039
0.977191 0.021042
0.976377 0.021045
0.975564 0.021048
0.974751 0.021051
0.973939 0.021054
0.973128 0.021057
0.972317 0.021061
0.971507 0.021064
0.970698 0.021067
0.969890 0.021070
0.969082 0.021073
0.968274 0.021076
0.967468 0.021079
0.966662 0.021081
0.965857 0.021084
0.965052 0.021086
0.964248 0.021089
0.963445 0.021091
0.962643 0.021093
0.961841 0.021095
0.961039 0.021097
0.960239 0.021098
0.959439 0.021100
0.958640 0.021101
0.957841 0.021102
0.957043 0.021103
0.956246 0.021104
0.955450 0.021105
0.954654 0.021106
0.953859 0.021106
0.953064 0.021107
0.952270 0.021107
0.951477 0.021108
0.950684 0.021108
0.949893 0.021109
0.949101 0.021109
0.948311 0.021110
0.947521 0.021110
0.946731 0.021111
0.945943 0.021112
0.945155 0.021113
0.944368 0.021114
0.943581 0.021115
0.942795 0.021116
0.942010 0.021117
0.941225 0.021118
0.940441 0.021119
0.939658 0.021119
0.938875 0.021120
0.938093 0.021120
0.937311 0.021120
0.936531 0.021119
0.935750 0.021118
0.934971 0.021117
0.934192 0.021115
0.933414 0.021112
0.932636 0.021109
0.931860 0.021105
0.931083 0.021101
0.930308 0.021096
0.929533 0.021091
0.928759 0.021085
0.927985 0.021079
0.927212 0.021072
0.926440 0.021066
0.925668 0.021059
0.924897 0.021052
0.924126 0.021045
0.923357 0.021039
0.922587 0.021032
0.921819 0.021026
0.921051 0.021020
0.920284 0.021014
0.919517 0.021009
0.918751 0.021004
0.917986 0.020999
0.917221 0.020995
0.916457 0.020991
0.915694 0.020988
0.914931 0.020984
0.914169 0.020981
0.913408 0.020979
0.912647 0.020976
0.911886 0.020974
0.911127 0.020972
0.910368 0.020971
0.909610 0.020969
0.908852 0.020968
0.908095 0.020967
0.907338 0.020966
0.906583 0.020965
0.905827 0.020964
0.905073 0.020964
0.904319 0.020964
0.903566 0.020963
0.902813 0.020963
0.902061 0.020963
0.901310 0.020962
0.900559 0.020962
0.899809 0.020962
0.899059 0.020961
0.898310 0.020961
0.897562 0.020960
0.896814 0.020959
0.896067 0.020958
0.895321 0.020957
0.894575 0.020956
0.893830 0.020954
0.893085 0.020952
0.892341 0.020951
0.891598 0.020949
0.890855 0.020947
0.890113 0.020945
0.889372 0.020942
0.888631 0.020940
0.887891 0.020938
0.887151 0.020936
0.886412 0.020934
0.885674 0.020932
0.884936 0.020930
0.884199 0.020929
0.883462 0.020927
0.882727 0.020926
0.881991 0.020924
0.881257 0.020923
0.880523 0.020922
0.879789 0.020921
0.879056 0.020920
0.878324 0.020920
0.877592 0.020919
0.876861 0.020919
0.876131 0.020919
0.875401 0.020918
0.874672 0.020918
0.873943 0.020918
0.873215 0.020918
0.872488 0.020918
0.871761 0.020918
0.871035 0.020918
0.870309 0.020918
0.869584 0.020918
0.868860 0.020918
0.868136 0.020918
0.867413 0.020919
0.866691 0.020919
0.865969 0.020919
0.865247 0.020919
0.864527 0.020920
0.863807 0.020920
0.863087 0.020920
0.862368 0.020921
0.861650 0.020921
0.860932 0.020921
0.860215 0.020922
0.859498 0.020922
0.858782 0.020923
0.858067 0.020923
0.857352 0.020924
0.856638 0.020925
0.855924 0.020925
0.855212 0.020926
0.854499 0.020926
0.853787 0.020927
0.853076 0.020928
0.852366 0.020929
0.851656 0.020929
0.850946 0.020930
0.850237 0.020931
0.849529 0.020932
0.848821 0.020933
0.848114 0.020934
0.847408 0.020935
0.846702 0.020936
0.845997 0.020937
0.845292 0.020938
0.844588 0.020939
0.843884 0.020940
0.843181 0.020941
0.842479 0.020942
0.841777 0.020943
0.841076 0.020944
0.840376 0.020945
0.839675 0.020946
0.838976 0.020947
0.838277 0.020948
0.837579 0.020949
0.836881 0.020950
0.836184 0.020951
0.835488 0.020952
0.834792 0.020952
0.834096 0.020953
0.833401 0.020954
0.832707 0.020955
0.832014 0.020955
0.831321 0.020956
0.830628 0.020957
0.829936 0.020958
0.829245 0.020958
0.828554 0.020959
0.827864 0.020960
0.827174 0.020960
0.826485 0.020961
0.825797 0.020961
0.825109 0.020962
0.824422 0.020963
0.823735 0.020963
0.823049 0.020964
0.822363 0.020964
0.821678 0.020965
0.820994 0.020965
0.820310 0.020966
0.819627 0.020966
0.818944 0.020966
0.818262 0.020967
0.817580 0.020967
0.816899 0.020967
0.816219 0.020967
0.815539 0.020966
0.814859 0.020966
0.814181 0.020965
0.813502 0.020965
0.812825 0.020964
0.812148 0.020963
0.811471 0.020962
0.810795 0.020961
0.810120 0.020960
0.809445 0.020959
0.808771 0.020958
0.808097 0.020957
0.807424 0.020956
0.806751 0.020955
0.806079 0.020954
0.805408 0.020953
0.804737 0.020952
0.804067 0.020952
0.803397 0.020951
0.802728 0.020950
0.802059 0.020950
0.801391 0.020950
0.800723 0.020950
0.800056 0.020949
0.799390 0.020949
0.798724 0.020950
0.798059 0.020950
0.797394 0.020950
0.796730 0.020951
0.796066 0.020951
0.795403 0.020952
0.794740 0.020953
0.794078 0.020954
0.793417 0.020955
0.792756 0.020956
0.792096 0.020958
0.791436 0.020959
0.790777 0.020961
0.790118 0.020963
0.789460 0.020966
0.788802 0.020968
0.788145 0.020972
0.787489 0.020975
0.786833 0.020979
0.786177 0.020984
0.785522 0.020990
0.784868 0.020996
0.784214 0.021003
0.783561 0.021012
0.782908 0.021021
0.782256 0.021032
0.781604 0.021044
0.780953 0.021057
0.780303 0.021071
0.779653 0.021087
0.779003 0.021104
0.778355 0.021122
0.777706 0.021141
0.777058 0.021161
0.776411 0.021181
0.775764 0.021202
0.775118 0.021222
0.774473 0.021243
0.773827 0.021262
0.773183 0.021280
0.772539 0.021297
0.771895 0.021312
0.771252 0.021325
0.770610 0.021335
0.769968 0.021342
0.769327 0.021347
0.768686 0.021348
0.768045 0.021346
0.767406 0.021341
0.766766 0.021333
0.766128 0.021323
0.765489 0.021310
0.764852 0.021295
0.764215 0.021278
0.763578 0.021259
0.762942 0.021240
0.762307 0.021220
0.761672 0.021199
0.761037 0.021179
0.760403 0.021159
0.759770 0.021140
0.759137 0.021121
0.758505 0.021104
0.757873 0.021088
0.757241 0.021073
0.756611 0.021060
0.755980 0.021047
0.755351 0.021036
0.754722 0.021027
0.754093 0.021018
0.753465 0.021011
0.752837 0.021005
0.752210 0.020999
0.751583 0.020995
0.750957 0.020991
0.750332 0.020987
0.749707 0.020984
0.749082 0.020982
0.748458 0.020980
0.747835 0.020978
0.747212 0.020977
0.746589 0.020976
0.745968 0.020975
0.745346 0.020974
0.744725 0.020973
0.744105 0.020973
0.743485 0.020973
0.742866 0.020972
0.742247 0.020972
0.741629 0.020972
0.741011 0.020971
0.740394 0.020971
0.739777 0.020971
0.739161 0.020971
0.738545 0.020971
0.737930 0.020971
0.737315 0.020971
0.736701 0.020971
0.736087 0.020971
0.735474 0.020971
0.734862 0.020971
0.734249 0.020971
0.733638 0.020971
0.733027 0.020971
0.732416 0.020971
0.731806 0.020971
0.731196 0.020971
0.730587 0.020971
0.729979 0.020971
0.729371 0.020971
0.728763 0.020971
0.728156 0.020971
0.727550 0.020971
0.726944 0.020971
0.726338 0.020971
0.725733 0.020971
0.725128 0.020971
0.724524 0.020971
0.723921 0.020971
0.723318 0.020971
0.722715 0.020971
0.722113 0.020971
0.721512 0.020970
0.720911 0.020970
0.720310 0.020970
0.719710 0.020969
0.719111 0.020968
0.718512 0.020968
0.717913 0.020967
0.717315 0.020966
0.716718 0.020965
0.716121 0.020964
0.715524 0.020963
0.714928 0.020961
0.714333 0.020960
0.713738 0.020959
0.713143 0.020958
0.712549 0.020956
0.711956 0.020955
0.711363 0.020954
0.710770 0.020953
0.710178 0.020951
0.709586 0.020950
0.708995 0.020949
0.708405 0.020948
0.707815 0.020948
0.707225 0.020947
0.706636 0.020946
0.706047 0.020945
0.705459 0.020945
0.704871 0.020944
0.704284 0.020944
0.703698 0.020944
0.703112 0.020943
0.702526 0.020943
0.701941 0.020943
0.701356 0.020943
0.700772 0.020943
0.700188 0.020943
0.699605 0.020942
0.699022 0.020942
0.698440 0.020942
0.697858 0.020942
0.697277 0.020942
0.696696 0.020942
0.696115 0.020942
0.695536 0.020942
0.694956 0.020941
0.694377 0.020941
0.693799 0.020941
0.693221 0.020941
0.692644 0.020941
0.692067 0.020940
0.691490 0.020940
0.690914 0.020940
0.690339 0.020939
0.689764 0.020939
0.689189 0.020938
0.688615 0.020938
0.688041 0.020938
0.687468 0.020937
0.686895 0.020937
0.686323 0.020937
0.685752 0.020936
0.685180 0.020936
0.684610 0.020936
0.684039 0.020936
0.683470 0.020935
0.682900 0.020935
0.682331 0.020935
0.681763 0.020935
0.681195 0.020935
0.680628 0.020935
0.680061 0.020935
0.679494 0.020936
0.678928 0.020936
0.678363 0.020936
0.677798 0.020936
0.677233 0.020936
0.676669 0.020937
0.676105 0.020937
0.675542 0.020937
0.674979 0.020937
0.674417 0.020938
0.673855 0.020938
0.673294 0.020939
0.672733 0.020939
0.672173 0.020939
0.671613 0.020940
0.671053 0.020940
0.670494 0.020941
0.669936 0.020941
0.669378 0.020942
0.668820 0.020942
0.668263 0.020943
0.667707 0.020943
0.667150 0.020944
0.666595 0.020945
0.666039 0.020945
0.665485 0.020946
0.664930 0.020946
0.664376 0.020947
0.663823 0.020948
0.663270 0.020948
0.662718 0.020949
0.662165 0.020950
0.661614 0.020950
0.661063 0.020951
0.660512 0.020952
0.659962 0.020952
0.659412 0.020953
0.658863 0.020954
0.658314 0.020954
0.657766 0.020955
0.657218 0.020956
0.656670 0.020956
0.656123 0.020957
0.655577 0.020958
0.655031 0.020958
0.654485 0.020959
0.653940 0.020960
0.653395 0.020961
0.652851 0.020961
0.652307 0.020962
0.651764 0.020963
0.651221 0.020964
0.650678 0.020964
0.650136 0.020965
0.649595 0.020966
0.649054 0.020967
0.648513 0.020968
0.647973 0.020969
0.647433 0.020969
0.646894 0.020970
0.646355 0.020971
0.645817 0.020972
0.645279 0.020973
0.644741 0.020974
0.644204 0.020975
0.643667 0.020976
0.643131 0.020977
0.642596 0.020978
0.642060 0.020979
0.641525 0.020980
0.640991 0.020981
0.640457 0.020982
0.639924 0.020983
0.639391 0.020984
0.638858 0.020985
0.638326 0.020986
0.637794 0.020988
0.637263 0.020989
0.636732 0.020990
0.636202 0.020991
0.635672 0.020993
0.635142 0.020994
0.634613 0.020996
0.634084 0.020997
0.633556 0.020999
0.633029 0.021000
0.632501 0.021002
0.631974 0.021003
0.631448 0.021005
0.630922 0.021007
0.630396 0.021008
0.629871 0.021010
0.629347 0.021012
0.628822 0.021014
0.628299 0.021015
0.627775 0.021017
0.627252 0.021019
0.626730 0.021021
0.626208 0.021023
0.625686 0.021025
0.625165 0.021027
0.624644 0.021030
0.624124 0.021032
0.623604 0.021034
0.623085 0.021036
0.622565 0.021039
0.622047 0.021041
0.621529 0.021044
0.621011 0.021046
0.620494 0.021049
0.619977 0.021051
0.619460 0.021054
0.618944 0.021057
0.618429 0.021060
0.617914 0.021063
0.617399 0.021066
0.616885 0.021069
0.616371 0.021072
0.615857 0.021075
0.615344 0.021078
0.614832 0.021082
0.614320 0.021085
0.613808 0.021089
0.613297 0.021093
0.612786 0.021097
0.612275 0.021101
0.611765 0.021105
0.611256 0.021109
0.610747 0.021114
0.610238 0.021119
0.609730 0.021124
0.609222 0.021129
0.608714 0.021135
0.608207 0.021141
0.607700 0.021148
0.607194 0.021155
0.606689 0.021162
0.606183 0.021170
0.605678 0.021178
0.605174 0.021187
0.604670 0.021196
0.604166 0.021205
0.603663 0.021215
0.603160 0.021226
0.602657 0.021236
0.602155 0.021246
0.601654 0.021257
0.601153 0.021267
0.600652 0.021277
0.600152 0.021286
0.598951 0.021294
0.597456 0.021302
0.595964 0.021308
0.594476 0.021313
0.592992 0.021317
0.591511 0.021319
0.590034 0.021320
0.588561 0.021319
0.587091 0.021316
0.585625 0.021312
0.584163 0.021307
0.582705 0.021300
0.581250 0.021291
0.579798 0.021282
0.578351 0.021271
0.576907 0.021260
0.575466 0.021248
0.574029 0.021235
0.572596 0.021222
0.571166 0.021210
0.569740 0.021197
0.568318 0.021184
0.566899 0.021172
0.565483 0.021160
0.564071 0.021148
0.562663 0.021137
0.561258 0.021126
0.559856 0.021116
0.558459 0.021107
0.557064 0.021098
0.555673 0.021089
0.554286 0.021081
0.552902 0.021073
0.551521 0.021066
0.550144 0.021059
0.548771 0.021053
0.547400 0.021046
0.546034 0.021040
0.544670 0.021035
0.543310 0.021030
0.541954 0.021024
0.540600 0.021020
0.539251 0.021015
0.537904 0.021010
0.536561 0.021006
0.535221 0.021002
0.533885 0.020998
0.532552 0.020994
0.531222 0.020990
0.529896 0.020987
0.528573 0.020984
0.527253 0.020980
0.525936 0.020977
0.524623 0.020974
0.523313 0.020971
0.522007 0.020968
0.520703 0.020966
0.519403 0.020963
0.518106 0.020961
0.516813 0.020958
0.515522 0.020956
0.514235 0.020954
0.512951 0.020952
0.511670 0.020950
0.510393 0.020948
0.509118 0.020947
0.507847 0.020945
0.506579 0.020944
0.505314 0.020942
0.504053 0.020941
0.502794 0.020940
0.501539 0.020939
0.500286 0.020938
0.499037 0.020938
0.497791 0.020937
0.496548 0.020937
0.495308 0.020936
0.494072 0.020936
0.492838 0.020936
0.491607 0.020936
0.490380 0.020936
0.489156 0.020935
0.487934 0.020935
0.486716 0.020936
0.485501 0.020936
0.484288 0.020936
0.483079 0.020936
0.481873 0.020936
0.480670 0.020936
0.479470 0.020937
0.478272 0.020937
0.477078 0.020937
0.475887 0.020937
0.474699 0.020938
0.473514 0.020938
0.472331 0.020938
0.471152 0.020938
0.469975 0.020939
0.468802 0.020939
0.467631 0.020939
0.466464 0.020940
0.465299 0.020940
0.464137 0.020940
0.462978 0.020941
0.461822 0.020941
0.460669 0.020941
0.459519 0.020942
0.458372 0.020942
0.457227 0.020942
0.456086 0.020943
0.454947 0.020943
0.453811 0.020943
0.452678 0.020944
0.451547 0.020944
0.450420 0.020944
0.449295 0.020945
0.448174 0.020945
0.447054 0.020945
0.445938 0.020946
0.444825 0.020946
0.443714 0.020947
0.442606 0.020947
0.441501 0.020947
0.440399 0.020948
0.439299 0.020948
0.438202 0.020949
0.437108 0.020949
0.436017 0.020949
0.434928 0.020950
0.433842 0.020950
0.432759 0.020951
0.431678 0.020951
0.430600 0.020952
0.429525 0.020953
0.428453 0.020953
0.427383 0.020954
0.426316 0.020955
0.425251 0.020955
0.424190 0.020956
0.423130 0.020957
0.422074 0.020958
0.421020 0.020959
0.419969 0.020960
0.418920 0.020961
0.417874 0.020963
0.416831 0.020964
0.415790 0.020965
0.414752 0.020967
0.413716 0.020968
0.412683 0.020969
0.411653 0.020970
0.410625 0.020972
0.409600 0.020973
0.408577 0.020974
0.407557 0.020975
0.406539 0.020976
0.405524 0.020976
0.404512 0.020977
0.403502 0.020977
0.402494 0.020978
0.401489 0.020978
0.400487 0.020978
0.399487 0.020978
0.398489 0.020978
0.397494 0.020978
0.396502 0.020978
0.395512 0.020977
0.394524 0.020977
0.393539 0.020977
0.392556 0.020977
0.391576 0.020977
0.390599 0.020977
0.389623 0.020976
0.388650 0.020976
0.387680 0.020977
0.386712 0.020977
0.385747 0.020977
0.384783 0.020977
0.383823 0.020978
0.382864 0.020978
0.381908 0.020978
0.380955 0.020979
0.380004 0.020979
0.379055 0.020980
0.378108 0.020981
0.377164 0.020981
0.376222 0.020982
0.375283 0.020982
0.374346 0.020983
0.373411 0.020984
0.372479 0.020985
0.371549 0.020985
0.370621 0.020986
0.369696 0.020987
0.368773 0.020988
0.367852 0.020989
0.366933 0.020989
0.366017 0.020990
0.365103 0.020991
0.364192 0.020992
0.363282 0.020993
0.362375 0.020994
0.361471 0.020995
0.360568 0.020996
0.359668 0.020998
0.358770 0.020999
0.357874 0.021000
0.356980 0.021001
0.356089 0.021003
0.355200 0.021004
0.354313 0.021006
0.353428 0.021008
0.352546 0.021009
0.351666 0.021011
0.350787 0.021013
0.349912 0.021015
0.349038 0.021017
0.348166 0.021019
0.347297 0.021021
0.346430 0.021023
0.345565 0.021026
0.344702 0.021028
0.343841 0.021030
0.342983 0.021033
0.342126 0.021036
0.341272 0.021039
0.340420 0.021041
0.339570 0.021044
0.338722 0.021047
0.337877 0.021050
0.337033 0.021053
0.336191 0.021055
0.335352 0.021058
0.334515 0.021060
0.333679 0.021063
0.332846 0.021065
0.332015 0.021066
0.331186 0.021068
0.330359 0.021069
0.329534 0.021070
0.328712 0.021070
0.327891 0.021070
0.327072 0.021070
0.326255 0.021070
0.325441 0.021070
0.324628 0.021069
0.323818 0.021068
0.323009 0.021068
0.322203 0.021067
0.321398 0.021066
0.320596 0.021065
0.319795 0.021064
0.318997 0.021064
0.318200 0.021063
0.317406 0.021063
0.316613 0.021063
0.315823 0.021063
0.315034 0.021063
0.314247 0.021063
0.313463 0.021063
0.312680 0.021064
0.311899 0.021064
0.311121 0.021065
0.310344 0.021065
0.309569 0.021066
0.308796 0.021067
0.308025 0.021067
0.307256 0.021068
0.306489 0.021069
0.305723 0.021069
0.304960 0.021070
0.304199 0.021070
0.303439 0.021070
0.302681 0.021071
0.301926 0.021071
0.301172 0.021071
0.300420 0.021071
